2022/03/31-11:02:54.531170 1036dbd40 RocksDB version: 6.20.3
2022/03/31-11:02:54.531471 1036dbd40 Git sha 8608d75d85f8e1b3b64b73a4fb6d19baec61ba5c
2022/03/31-11:02:54.531473 1036dbd40 Compile date 2021-05-05 20:35:30
2022/03/31-11:02:54.531486 1036dbd40 DB SUMMARY
2022/03/31-11:02:54.531487 1036dbd40 DB Session ID:  OUVOJI9CDZKFN76KA6JT
2022/03/31-11:02:54.531800 1036dbd40 CURRENT file:  CURRENT
2022/03/31-11:02:54.531802 1036dbd40 IDENTITY file:  IDENTITY
2022/03/31-11:02:54.531823 1036dbd40 MANIFEST file:  MANIFEST-000136 size: 7920 Bytes
2022/03/31-11:02:54.531825 1036dbd40 SST files in test-ledger/rocksdb dir, Total Num: 16, files: 000085.sst 000132.sst 000174.sst 000177.sst 000179.sst 000182.sst 000189.sst 000193.sst 000195.sst 
2022/03/31-11:02:54.531827 1036dbd40 Write Ahead Log file in test-ledger/rocksdb: 000172.log size: 3210 ; 000175.log size: 3318 ; 000180.log size: 9376 ; 000183.log size: 1226 ; 000196.log size: 40962667 ; 
2022/03/31-11:02:54.531829 1036dbd40                         Options.error_if_exists: 0
2022/03/31-11:02:54.531830 1036dbd40                       Options.create_if_missing: 1
2022/03/31-11:02:54.531831 1036dbd40                         Options.paranoid_checks: 1
2022/03/31-11:02:54.531832 1036dbd40                               Options.track_and_verify_wals_in_manifest: 0
2022/03/31-11:02:54.531832 1036dbd40                                     Options.env: 0x102a416f8
2022/03/31-11:02:54.531834 1036dbd40                                      Options.fs: Posix File System
2022/03/31-11:02:54.531835 1036dbd40                                Options.info_log: 0x14f647900
2022/03/31-11:02:54.531836 1036dbd40                Options.max_file_opening_threads: 16
2022/03/31-11:02:54.531837 1036dbd40                              Options.statistics: 0x0
2022/03/31-11:02:54.531838 1036dbd40                               Options.use_fsync: 0
2022/03/31-11:02:54.531838 1036dbd40                       Options.max_log_file_size: 0
2022/03/31-11:02:54.531839 1036dbd40                  Options.max_manifest_file_size: 1073741824
2022/03/31-11:02:54.531840 1036dbd40                   Options.log_file_time_to_roll: 0
2022/03/31-11:02:54.531841 1036dbd40                       Options.keep_log_file_num: 1000
2022/03/31-11:02:54.531842 1036dbd40                    Options.recycle_log_file_num: 0
2022/03/31-11:02:54.531843 1036dbd40                         Options.allow_fallocate: 1
2022/03/31-11:02:54.531843 1036dbd40                        Options.allow_mmap_reads: 0
2022/03/31-11:02:54.531844 1036dbd40                       Options.allow_mmap_writes: 0
2022/03/31-11:02:54.531845 1036dbd40                        Options.use_direct_reads: 0
2022/03/31-11:02:54.531846 1036dbd40                        Options.use_direct_io_for_flush_and_compaction: 0
2022/03/31-11:02:54.531847 1036dbd40          Options.create_missing_column_families: 1
2022/03/31-11:02:54.531847 1036dbd40                              Options.db_log_dir: 
2022/03/31-11:02:54.531848 1036dbd40                                 Options.wal_dir: test-ledger/rocksdb
2022/03/31-11:02:54.531849 1036dbd40                Options.table_cache_numshardbits: 6
2022/03/31-11:02:54.531850 1036dbd40                         Options.WAL_ttl_seconds: 0
2022/03/31-11:02:54.531850 1036dbd40                       Options.WAL_size_limit_MB: 0
2022/03/31-11:02:54.531851 1036dbd40                        Options.max_write_batch_group_size_bytes: 1048576
2022/03/31-11:02:54.531852 1036dbd40             Options.manifest_preallocation_size: 4194304
2022/03/31-11:02:54.531853 1036dbd40                     Options.is_fd_close_on_exec: 1
2022/03/31-11:02:54.531854 1036dbd40                   Options.advise_random_on_open: 1
2022/03/31-11:02:54.531855 1036dbd40                    Options.db_write_buffer_size: 0
2022/03/31-11:02:54.531855 1036dbd40                    Options.write_buffer_manager: 0x14f647830
2022/03/31-11:02:54.531856 1036dbd40         Options.access_hint_on_compaction_start: 1
2022/03/31-11:02:54.531857 1036dbd40  Options.new_table_reader_for_compaction_inputs: 0
2022/03/31-11:02:54.531858 1036dbd40           Options.random_access_max_buffer_size: 1048576
2022/03/31-11:02:54.531908 1036dbd40                      Options.use_adaptive_mutex: 0
2022/03/31-11:02:54.531909 1036dbd40                            Options.rate_limiter: 0x0
2022/03/31-11:02:54.531911 1036dbd40     Options.sst_file_manager.rate_bytes_per_sec: 0
2022/03/31-11:02:54.531912 1036dbd40                       Options.wal_recovery_mode: 2
2022/03/31-11:02:54.531913 1036dbd40                  Options.enable_thread_tracking: 0
2022/03/31-11:02:54.531914 1036dbd40                  Options.enable_pipelined_write: 0
2022/03/31-11:02:54.531914 1036dbd40                  Options.unordered_write: 0
2022/03/31-11:02:54.531915 1036dbd40         Options.allow_concurrent_memtable_write: 1
2022/03/31-11:02:54.531916 1036dbd40      Options.enable_write_thread_adaptive_yield: 1
2022/03/31-11:02:54.531917 1036dbd40             Options.write_thread_max_yield_usec: 100
2022/03/31-11:02:54.531918 1036dbd40            Options.write_thread_slow_yield_usec: 3
2022/03/31-11:02:54.531918 1036dbd40                               Options.row_cache: None
2022/03/31-11:02:54.531919 1036dbd40                              Options.wal_filter: None
2022/03/31-11:02:54.531920 1036dbd40             Options.avoid_flush_during_recovery: 0
2022/03/31-11:02:54.531921 1036dbd40             Options.allow_ingest_behind: 0
2022/03/31-11:02:54.531922 1036dbd40             Options.preserve_deletes: 0
2022/03/31-11:02:54.531922 1036dbd40             Options.two_write_queues: 0
2022/03/31-11:02:54.531923 1036dbd40             Options.manual_wal_flush: 0
2022/03/31-11:02:54.531924 1036dbd40             Options.atomic_flush: 0
2022/03/31-11:02:54.531925 1036dbd40             Options.avoid_unnecessary_blocking_io: 0
2022/03/31-11:02:54.531926 1036dbd40                 Options.persist_stats_to_disk: 0
2022/03/31-11:02:54.531927 1036dbd40                 Options.write_dbid_to_manifest: 0
2022/03/31-11:02:54.531927 1036dbd40                 Options.log_readahead_size: 0
2022/03/31-11:02:54.531928 1036dbd40                 Options.file_checksum_gen_factory: Unknown
2022/03/31-11:02:54.531929 1036dbd40                 Options.best_efforts_recovery: 0
2022/03/31-11:02:54.531930 1036dbd40                Options.max_bgerror_resume_count: 2147483647
2022/03/31-11:02:54.531931 1036dbd40            Options.bgerror_resume_retry_interval: 1000000
2022/03/31-11:02:54.531932 1036dbd40             Options.allow_data_in_errors: 0
2022/03/31-11:02:54.531932 1036dbd40             Options.db_host_id: __hostname__
2022/03/31-11:02:54.531933 1036dbd40             Options.max_background_jobs: 8
2022/03/31-11:02:54.531934 1036dbd40             Options.max_background_compactions: -1
2022/03/31-11:02:54.531935 1036dbd40             Options.max_subcompactions: 1
2022/03/31-11:02:54.531936 1036dbd40             Options.avoid_flush_during_shutdown: 0
2022/03/31-11:02:54.531936 1036dbd40           Options.writable_file_max_buffer_size: 1048576
2022/03/31-11:02:54.531937 1036dbd40             Options.delayed_write_rate : 16777216
2022/03/31-11:02:54.531938 1036dbd40             Options.max_total_wal_size: 4294967296
2022/03/31-11:02:54.531939 1036dbd40             Options.delete_obsolete_files_period_micros: 21600000000
2022/03/31-11:02:54.531940 1036dbd40                   Options.stats_dump_period_sec: 600
2022/03/31-11:02:54.531941 1036dbd40                 Options.stats_persist_period_sec: 600
2022/03/31-11:02:54.531942 1036dbd40                 Options.stats_history_buffer_size: 1048576
2022/03/31-11:02:54.531943 1036dbd40                          Options.max_open_files: -1
2022/03/31-11:02:54.531943 1036dbd40                          Options.bytes_per_sync: 0
2022/03/31-11:02:54.531944 1036dbd40                      Options.wal_bytes_per_sync: 0
2022/03/31-11:02:54.531945 1036dbd40                   Options.strict_bytes_per_sync: 0
2022/03/31-11:02:54.531946 1036dbd40       Options.compaction_readahead_size: 0
2022/03/31-11:02:54.531946 1036dbd40                  Options.max_background_flushes: -1
2022/03/31-11:02:54.531947 1036dbd40 Compression algorithms supported:
2022/03/31-11:02:54.531974 1036dbd40 	kZSTD supported: 0
2022/03/31-11:02:54.531975 1036dbd40 	kZlibCompression supported: 0
2022/03/31-11:02:54.531976 1036dbd40 	kXpressCompression supported: 0
2022/03/31-11:02:54.531977 1036dbd40 	kSnappyCompression supported: 0
2022/03/31-11:02:54.531978 1036dbd40 	kZSTDNotFinalCompression supported: 0
2022/03/31-11:02:54.531979 1036dbd40 	kLZ4HCCompression supported: 1
2022/03/31-11:02:54.531979 1036dbd40 	kLZ4Compression supported: 1
2022/03/31-11:02:54.531980 1036dbd40 	kBZip2Compression supported: 0
2022/03/31-11:02:54.531987 1036dbd40 Fast CRC32 supported: Supported on Arm64
2022/03/31-11:02:54.532299 1036dbd40 [db/version_set.cc:4627] Recovering from manifest file: test-ledger/rocksdb/MANIFEST-000136
2022/03/31-11:02:54.532361 1036dbd40 [db/column_family.cc:598] --------------- Options for column family [default]:
2022/03/31-11:02:54.532363 1036dbd40               Options.comparator: leveldb.BytewiseComparator
2022/03/31-11:02:54.532364 1036dbd40           Options.merge_operator: None
2022/03/31-11:02:54.532365 1036dbd40        Options.compaction_filter: None
2022/03/31-11:02:54.532366 1036dbd40        Options.compaction_filter_factory: None
2022/03/31-11:02:54.532367 1036dbd40  Options.sst_partitioner_factory: None
2022/03/31-11:02:54.532368 1036dbd40         Options.memtable_factory: SkipListFactory
2022/03/31-11:02:54.532369 1036dbd40            Options.table_factory: BlockBasedTable
2022/03/31-11:02:54.532394 1036dbd40            table_factory options:   flush_block_policy_factory: FlushBlockBySizePolicyFactory (0x14f6383a0)
  cache_index_and_filter_blocks: 0
  cache_index_and_filter_blocks_with_high_priority: 1
  pin_l0_filter_and_index_blocks_in_cache: 0
  pin_top_level_index_and_filter: 1
  index_type: 0
  data_block_index_type: 0
  index_shortening: 1
  data_block_hash_table_util_ratio: 0.750000
  hash_index_allow_collision: 1
  checksum: 1
  no_block_cache: 0
  block_cache: 0x14f646818
  block_cache_name: LRUCache
  block_cache_options:
    capacity : 8388608
    num_shard_bits : 4
    strict_capacity_limit : 0
    memory_allocator : None
    high_pri_pool_ratio: 0.000
  block_cache_compressed: 0x0
  persistent_cache: 0x0
  block_size: 4096
  block_size_deviation: 10
  block_restart_interval: 16
  index_block_restart_interval: 1
  metadata_block_size: 4096
  partition_filters: 0
  use_delta_encoding: 1
  filter_policy: nullptr
  whole_key_filtering: 1
  verify_compression: 0
  read_amp_bytes_per_bit: 0
  format_version: 5
  enable_index_compression: 1
  block_align: 0
2022/03/31-11:02:54.532396 1036dbd40        Options.write_buffer_size: 67108864
2022/03/31-11:02:54.532396 1036dbd40  Options.max_write_buffer_number: 2
2022/03/31-11:02:54.532397 1036dbd40          Options.compression: NoCompression
2022/03/31-11:02:54.532398 1036dbd40                  Options.bottommost_compression: Disabled
2022/03/31-11:02:54.532399 1036dbd40       Options.prefix_extractor: nullptr
2022/03/31-11:02:54.532400 1036dbd40   Options.memtable_insert_with_hint_prefix_extractor: nullptr
2022/03/31-11:02:54.532401 1036dbd40             Options.num_levels: 7
2022/03/31-11:02:54.532401 1036dbd40        Options.min_write_buffer_number_to_merge: 1
2022/03/31-11:02:54.532402 1036dbd40     Options.max_write_buffer_number_to_maintain: 0
2022/03/31-11:02:54.532403 1036dbd40     Options.max_write_buffer_size_to_maintain: 0
2022/03/31-11:02:54.532404 1036dbd40            Options.bottommost_compression_opts.window_bits: -14
2022/03/31-11:02:54.532405 1036dbd40                  Options.bottommost_compression_opts.level: 32767
2022/03/31-11:02:54.532406 1036dbd40               Options.bottommost_compression_opts.strategy: 0
2022/03/31-11:02:54.532407 1036dbd40         Options.bottommost_compression_opts.max_dict_bytes: 0
2022/03/31-11:02:54.532407 1036dbd40         Options.bottommost_compression_opts.zstd_max_train_bytes: 0
2022/03/31-11:02:54.532408 1036dbd40         Options.bottommost_compression_opts.parallel_threads: 1
2022/03/31-11:02:54.532409 1036dbd40                  Options.bottommost_compression_opts.enabled: false
2022/03/31-11:02:54.532440 1036dbd40         Options.bottommost_compression_opts.max_dict_buffer_bytes: 0
2022/03/31-11:02:54.532441 1036dbd40            Options.compression_opts.window_bits: -14
2022/03/31-11:02:54.532442 1036dbd40                  Options.compression_opts.level: 32767
2022/03/31-11:02:54.532443 1036dbd40               Options.compression_opts.strategy: 0
2022/03/31-11:02:54.532444 1036dbd40         Options.compression_opts.max_dict_bytes: 0
2022/03/31-11:02:54.532444 1036dbd40         Options.compression_opts.zstd_max_train_bytes: 0
2022/03/31-11:02:54.532445 1036dbd40         Options.compression_opts.parallel_threads: 1
2022/03/31-11:02:54.532446 1036dbd40                  Options.compression_opts.enabled: false
2022/03/31-11:02:54.532447 1036dbd40         Options.compression_opts.max_dict_buffer_bytes: 0
2022/03/31-11:02:54.532448 1036dbd40      Options.level0_file_num_compaction_trigger: 4
2022/03/31-11:02:54.532449 1036dbd40          Options.level0_slowdown_writes_trigger: 20
2022/03/31-11:02:54.532450 1036dbd40              Options.level0_stop_writes_trigger: 36
2022/03/31-11:02:54.532451 1036dbd40                   Options.target_file_size_base: 67108864
2022/03/31-11:02:54.532452 1036dbd40             Options.target_file_size_multiplier: 1
2022/03/31-11:02:54.532452 1036dbd40                Options.max_bytes_for_level_base: 268435456
2022/03/31-11:02:54.532453 1036dbd40 Options.level_compaction_dynamic_level_bytes: 0
2022/03/31-11:02:54.532454 1036dbd40          Options.max_bytes_for_level_multiplier: 10.000000
2022/03/31-11:02:54.532455 1036dbd40 Options.max_bytes_for_level_multiplier_addtl[0]: 1
2022/03/31-11:02:54.532456 1036dbd40 Options.max_bytes_for_level_multiplier_addtl[1]: 1
2022/03/31-11:02:54.532457 1036dbd40 Options.max_bytes_for_level_multiplier_addtl[2]: 1
2022/03/31-11:02:54.532458 1036dbd40 Options.max_bytes_for_level_multiplier_addtl[3]: 1
2022/03/31-11:02:54.532459 1036dbd40 Options.max_bytes_for_level_multiplier_addtl[4]: 1
2022/03/31-11:02:54.532460 1036dbd40 Options.max_bytes_for_level_multiplier_addtl[5]: 1
2022/03/31-11:02:54.532461 1036dbd40 Options.max_bytes_for_level_multiplier_addtl[6]: 1
2022/03/31-11:02:54.532461 1036dbd40       Options.max_sequential_skip_in_iterations: 8
2022/03/31-11:02:54.532462 1036dbd40                    Options.max_compaction_bytes: 1677721600
2022/03/31-11:02:54.532463 1036dbd40                        Options.arena_block_size: 8388608
2022/03/31-11:02:54.532464 1036dbd40   Options.soft_pending_compaction_bytes_limit: 68719476736
2022/03/31-11:02:54.532465 1036dbd40   Options.hard_pending_compaction_bytes_limit: 274877906944
2022/03/31-11:02:54.532466 1036dbd40       Options.rate_limit_delay_max_milliseconds: 100
2022/03/31-11:02:54.532466 1036dbd40                Options.disable_auto_compactions: 0
2022/03/31-11:02:54.532468 1036dbd40                        Options.compaction_style: kCompactionStyleLevel
2022/03/31-11:02:54.532469 1036dbd40                          Options.compaction_pri: kMinOverlappingRatio
2022/03/31-11:02:54.532470 1036dbd40 Options.compaction_options_universal.size_ratio: 1
2022/03/31-11:02:54.532470 1036dbd40 Options.compaction_options_universal.min_merge_width: 2
2022/03/31-11:02:54.532471 1036dbd40 Options.compaction_options_universal.max_merge_width: 4294967295
2022/03/31-11:02:54.532472 1036dbd40 Options.compaction_options_universal.max_size_amplification_percent: 200
2022/03/31-11:02:54.532473 1036dbd40 Options.compaction_options_universal.compression_size_percent: -1
2022/03/31-11:02:54.532474 1036dbd40 Options.compaction_options_universal.stop_style: kCompactionStopStyleTotalSize
2022/03/31-11:02:54.532475 1036dbd40 Options.compaction_options_fifo.max_table_files_size: 1073741824
2022/03/31-11:02:54.532476 1036dbd40 Options.compaction_options_fifo.allow_compaction: 0
2022/03/31-11:02:54.532478 1036dbd40                   Options.table_properties_collectors: 
2022/03/31-11:02:54.532479 1036dbd40                   Options.inplace_update_support: 0
2022/03/31-11:02:54.532480 1036dbd40                 Options.inplace_update_num_locks: 10000
2022/03/31-11:02:54.532513 1036dbd40               Options.memtable_prefix_bloom_size_ratio: 0.000000
2022/03/31-11:02:54.532514 1036dbd40               Options.memtable_whole_key_filtering: 0
2022/03/31-11:02:54.532515 1036dbd40   Options.memtable_huge_page_size: 0
2022/03/31-11:02:54.532516 1036dbd40                           Options.bloom_locality: 0
2022/03/31-11:02:54.532517 1036dbd40                    Options.max_successive_merges: 0
2022/03/31-11:02:54.532518 1036dbd40                Options.optimize_filters_for_hits: 0
2022/03/31-11:02:54.532518 1036dbd40                Options.paranoid_file_checks: 0
2022/03/31-11:02:54.532519 1036dbd40                Options.force_consistency_checks: 1
2022/03/31-11:02:54.532520 1036dbd40                Options.report_bg_io_stats: 0
2022/03/31-11:02:54.532521 1036dbd40                               Options.ttl: 2592000
2022/03/31-11:02:54.532522 1036dbd40          Options.periodic_compaction_seconds: 0
2022/03/31-11:02:54.532522 1036dbd40                    Options.enable_blob_files: false
2022/03/31-11:02:54.532523 1036dbd40                        Options.min_blob_size: 0
2022/03/31-11:02:54.532524 1036dbd40                       Options.blob_file_size: 268435456
2022/03/31-11:02:54.532525 1036dbd40                Options.blob_compression_type: NoCompression
2022/03/31-11:02:54.532526 1036dbd40       Options.enable_blob_garbage_collection: false
2022/03/31-11:02:54.532527 1036dbd40   Options.blob_garbage_collection_age_cutoff: 0.250000
2022/03/31-11:02:54.532766 1036dbd40 [db/column_family.cc:598] --------------- Options for column family [meta]:
2022/03/31-11:02:54.532769 1036dbd40               Options.comparator: leveldb.BytewiseComparator
2022/03/31-11:02:54.532769 1036dbd40           Options.merge_operator: None
2022/03/31-11:02:54.532770 1036dbd40        Options.compaction_filter: None
2022/03/31-11:02:54.532772 1036dbd40        Options.compaction_filter_factory: purged_slot_filter_factory(meta)
2022/03/31-11:02:54.532773 1036dbd40  Options.sst_partitioner_factory: None
2022/03/31-11:02:54.532774 1036dbd40         Options.memtable_factory: SkipListFactory
2022/03/31-11:02:54.532775 1036dbd40            Options.table_factory: BlockBasedTable
2022/03/31-11:02:54.532784 1036dbd40            table_factory options:   flush_block_policy_factory: FlushBlockBySizePolicyFactory (0x14f637a10)
  cache_index_and_filter_blocks: 0
  cache_index_and_filter_blocks_with_high_priority: 1
  pin_l0_filter_and_index_blocks_in_cache: 0
  pin_top_level_index_and_filter: 1
  index_type: 0
  data_block_index_type: 0
  index_shortening: 1
  data_block_hash_table_util_ratio: 0.750000
  hash_index_allow_collision: 1
  checksum: 1
  no_block_cache: 0
  block_cache: 0x14f637a58
  block_cache_name: LRUCache
  block_cache_options:
    capacity : 8388608
    num_shard_bits : 4
    strict_capacity_limit : 0
    memory_allocator : None
    high_pri_pool_ratio: 0.000
  block_cache_compressed: 0x0
  persistent_cache: 0x0
  block_size: 4096
  block_size_deviation: 10
  block_restart_interval: 16
  index_block_restart_interval: 1
  metadata_block_size: 4096
  partition_filters: 0
  use_delta_encoding: 1
  filter_policy: nullptr
  whole_key_filtering: 1
  verify_compression: 0
  read_amp_bytes_per_bit: 0
  format_version: 5
  enable_index_compression: 1
  block_align: 0
2022/03/31-11:02:54.532785 1036dbd40        Options.write_buffer_size: 268435456
2022/03/31-11:02:54.532786 1036dbd40  Options.max_write_buffer_number: 8
2022/03/31-11:02:54.532787 1036dbd40          Options.compression: NoCompression
2022/03/31-11:02:54.532788 1036dbd40                  Options.bottommost_compression: Disabled
2022/03/31-11:02:54.532789 1036dbd40       Options.prefix_extractor: nullptr
2022/03/31-11:02:54.532790 1036dbd40   Options.memtable_insert_with_hint_prefix_extractor: nullptr
2022/03/31-11:02:54.532791 1036dbd40             Options.num_levels: 7
2022/03/31-11:02:54.532791 1036dbd40        Options.min_write_buffer_number_to_merge: 1
2022/03/31-11:02:54.532792 1036dbd40     Options.max_write_buffer_number_to_maintain: 0
2022/03/31-11:02:54.532826 1036dbd40     Options.max_write_buffer_size_to_maintain: 0
2022/03/31-11:02:54.532827 1036dbd40            Options.bottommost_compression_opts.window_bits: -14
2022/03/31-11:02:54.532828 1036dbd40                  Options.bottommost_compression_opts.level: 32767
2022/03/31-11:02:54.532829 1036dbd40               Options.bottommost_compression_opts.strategy: 0
2022/03/31-11:02:54.532830 1036dbd40         Options.bottommost_compression_opts.max_dict_bytes: 0
2022/03/31-11:02:54.532830 1036dbd40         Options.bottommost_compression_opts.zstd_max_train_bytes: 0
2022/03/31-11:02:54.532831 1036dbd40         Options.bottommost_compression_opts.parallel_threads: 1
2022/03/31-11:02:54.532832 1036dbd40                  Options.bottommost_compression_opts.enabled: false
2022/03/31-11:02:54.532833 1036dbd40         Options.bottommost_compression_opts.max_dict_buffer_bytes: 0
2022/03/31-11:02:54.532834 1036dbd40            Options.compression_opts.window_bits: -14
2022/03/31-11:02:54.532835 1036dbd40                  Options.compression_opts.level: 32767
2022/03/31-11:02:54.532836 1036dbd40               Options.compression_opts.strategy: 0
2022/03/31-11:02:54.532836 1036dbd40         Options.compression_opts.max_dict_bytes: 0
2022/03/31-11:02:54.532837 1036dbd40         Options.compression_opts.zstd_max_train_bytes: 0
2022/03/31-11:02:54.532838 1036dbd40         Options.compression_opts.parallel_threads: 1
2022/03/31-11:02:54.532839 1036dbd40                  Options.compression_opts.enabled: false
2022/03/31-11:02:54.532839 1036dbd40         Options.compression_opts.max_dict_buffer_bytes: 0
2022/03/31-11:02:54.532840 1036dbd40      Options.level0_file_num_compaction_trigger: 4
2022/03/31-11:02:54.532841 1036dbd40          Options.level0_slowdown_writes_trigger: 20
2022/03/31-11:02:54.532842 1036dbd40              Options.level0_stop_writes_trigger: 36
2022/03/31-11:02:54.532843 1036dbd40                   Options.target_file_size_base: 107374182
2022/03/31-11:02:54.532844 1036dbd40             Options.target_file_size_multiplier: 1
2022/03/31-11:02:54.532844 1036dbd40                Options.max_bytes_for_level_base: 1073741824
2022/03/31-11:02:54.532845 1036dbd40 Options.level_compaction_dynamic_level_bytes: 0
2022/03/31-11:02:54.532846 1036dbd40          Options.max_bytes_for_level_multiplier: 10.000000
2022/03/31-11:02:54.532847 1036dbd40 Options.max_bytes_for_level_multiplier_addtl[0]: 1
2022/03/31-11:02:54.532848 1036dbd40 Options.max_bytes_for_level_multiplier_addtl[1]: 1
2022/03/31-11:02:54.532849 1036dbd40 Options.max_bytes_for_level_multiplier_addtl[2]: 1
2022/03/31-11:02:54.532850 1036dbd40 Options.max_bytes_for_level_multiplier_addtl[3]: 1
2022/03/31-11:02:54.532850 1036dbd40 Options.max_bytes_for_level_multiplier_addtl[4]: 1
2022/03/31-11:02:54.532851 1036dbd40 Options.max_bytes_for_level_multiplier_addtl[5]: 1
2022/03/31-11:02:54.532852 1036dbd40 Options.max_bytes_for_level_multiplier_addtl[6]: 1
2022/03/31-11:02:54.532853 1036dbd40       Options.max_sequential_skip_in_iterations: 8
2022/03/31-11:02:54.532854 1036dbd40                    Options.max_compaction_bytes: 2684354550
2022/03/31-11:02:54.532855 1036dbd40                        Options.arena_block_size: 33554432
2022/03/31-11:02:54.532855 1036dbd40   Options.soft_pending_compaction_bytes_limit: 68719476736
2022/03/31-11:02:54.532856 1036dbd40   Options.hard_pending_compaction_bytes_limit: 274877906944
2022/03/31-11:02:54.532857 1036dbd40       Options.rate_limit_delay_max_milliseconds: 100
2022/03/31-11:02:54.532858 1036dbd40                Options.disable_auto_compactions: 0
2022/03/31-11:02:54.532859 1036dbd40                        Options.compaction_style: kCompactionStyleLevel
2022/03/31-11:02:54.532860 1036dbd40                          Options.compaction_pri: kMinOverlappingRatio
2022/03/31-11:02:54.532860 1036dbd40 Options.compaction_options_universal.size_ratio: 1
2022/03/31-11:02:54.532861 1036dbd40 Options.compaction_options_universal.min_merge_width: 2
2022/03/31-11:02:54.532862 1036dbd40 Options.compaction_options_universal.max_merge_width: 4294967295
2022/03/31-11:02:54.532892 1036dbd40 Options.compaction_options_universal.max_size_amplification_percent: 200
2022/03/31-11:02:54.532893 1036dbd40 Options.compaction_options_universal.compression_size_percent: -1
2022/03/31-11:02:54.532894 1036dbd40 Options.compaction_options_universal.stop_style: kCompactionStopStyleTotalSize
2022/03/31-11:02:54.532895 1036dbd40 Options.compaction_options_fifo.max_table_files_size: 1073741824
2022/03/31-11:02:54.532896 1036dbd40 Options.compaction_options_fifo.allow_compaction: 0
2022/03/31-11:02:54.532897 1036dbd40                   Options.table_properties_collectors: 
2022/03/31-11:02:54.532898 1036dbd40                   Options.inplace_update_support: 0
2022/03/31-11:02:54.532898 1036dbd40                 Options.inplace_update_num_locks: 10000
2022/03/31-11:02:54.532899 1036dbd40               Options.memtable_prefix_bloom_size_ratio: 0.000000
2022/03/31-11:02:54.532900 1036dbd40               Options.memtable_whole_key_filtering: 0
2022/03/31-11:02:54.532901 1036dbd40   Options.memtable_huge_page_size: 0
2022/03/31-11:02:54.532902 1036dbd40                           Options.bloom_locality: 0
2022/03/31-11:02:54.532903 1036dbd40                    Options.max_successive_merges: 0
2022/03/31-11:02:54.532903 1036dbd40                Options.optimize_filters_for_hits: 0
2022/03/31-11:02:54.532904 1036dbd40                Options.paranoid_file_checks: 0
2022/03/31-11:02:54.532905 1036dbd40                Options.force_consistency_checks: 1
2022/03/31-11:02:54.532906 1036dbd40                Options.report_bg_io_stats: 0
2022/03/31-11:02:54.532907 1036dbd40                               Options.ttl: 2592000
2022/03/31-11:02:54.532907 1036dbd40          Options.periodic_compaction_seconds: 2592000
2022/03/31-11:02:54.532908 1036dbd40                    Options.enable_blob_files: false
2022/03/31-11:02:54.532909 1036dbd40                        Options.min_blob_size: 0
2022/03/31-11:02:54.532910 1036dbd40                       Options.blob_file_size: 268435456
2022/03/31-11:02:54.532911 1036dbd40                Options.blob_compression_type: NoCompression
2022/03/31-11:02:54.532912 1036dbd40       Options.enable_blob_garbage_collection: false
2022/03/31-11:02:54.532912 1036dbd40   Options.blob_garbage_collection_age_cutoff: 0.250000
2022/03/31-11:02:54.532947 1036dbd40 [db/column_family.cc:598] --------------- Options for column family [dead_slots]:
2022/03/31-11:02:54.532948 1036dbd40               Options.comparator: leveldb.BytewiseComparator
2022/03/31-11:02:54.532949 1036dbd40           Options.merge_operator: None
2022/03/31-11:02:54.532950 1036dbd40        Options.compaction_filter: None
2022/03/31-11:02:54.532951 1036dbd40        Options.compaction_filter_factory: purged_slot_filter_factory(dead_slots)
2022/03/31-11:02:54.532952 1036dbd40  Options.sst_partitioner_factory: None
2022/03/31-11:02:54.532952 1036dbd40         Options.memtable_factory: SkipListFactory
2022/03/31-11:02:54.532953 1036dbd40            Options.table_factory: BlockBasedTable
2022/03/31-11:02:54.532961 1036dbd40            table_factory options:   flush_block_policy_factory: FlushBlockBySizePolicyFactory (0x14f6386b0)
  cache_index_and_filter_blocks: 0
  cache_index_and_filter_blocks_with_high_priority: 1
  pin_l0_filter_and_index_blocks_in_cache: 0
  pin_top_level_index_and_filter: 1
  index_type: 0
  data_block_index_type: 0
  index_shortening: 1
  data_block_hash_table_util_ratio: 0.750000
  hash_index_allow_collision: 1
  checksum: 1
  no_block_cache: 0
  block_cache: 0x14f6386f8
  block_cache_name: LRUCache
  block_cache_options:
    capacity : 8388608
    num_shard_bits : 4
    strict_capacity_limit : 0
    memory_allocator : None
    high_pri_pool_ratio: 0.000
  block_cache_compressed: 0x0
  persistent_cache: 0x0
  block_size: 4096
  block_size_deviation: 10
  block_restart_interval: 16
  index_block_restart_interval: 1
  metadata_block_size: 4096
  partition_filters: 0
  use_delta_encoding: 1
  filter_policy: nullptr
  whole_key_filtering: 1
  verify_compression: 0
  read_amp_bytes_per_bit: 0
  format_version: 5
  enable_index_compression: 1
  block_align: 0
2022/03/31-11:02:54.532993 1036dbd40        Options.write_buffer_size: 268435456
2022/03/31-11:02:54.532994 1036dbd40  Options.max_write_buffer_number: 8
2022/03/31-11:02:54.532995 1036dbd40          Options.compression: NoCompression
2022/03/31-11:02:54.532996 1036dbd40                  Options.bottommost_compression: Disabled
2022/03/31-11:02:54.532997 1036dbd40       Options.prefix_extractor: nullptr
2022/03/31-11:02:54.532997 1036dbd40   Options.memtable_insert_with_hint_prefix_extractor: nullptr
2022/03/31-11:02:54.532998 1036dbd40             Options.num_levels: 7
2022/03/31-11:02:54.532999 1036dbd40        Options.min_write_buffer_number_to_merge: 1
2022/03/31-11:02:54.533000 1036dbd40     Options.max_write_buffer_number_to_maintain: 0
2022/03/31-11:02:54.533001 1036dbd40     Options.max_write_buffer_size_to_maintain: 0
2022/03/31-11:02:54.533002 1036dbd40            Options.bottommost_compression_opts.window_bits: -14
2022/03/31-11:02:54.533002 1036dbd40                  Options.bottommost_compression_opts.level: 32767
2022/03/31-11:02:54.533003 1036dbd40               Options.bottommost_compression_opts.strategy: 0
2022/03/31-11:02:54.533004 1036dbd40         Options.bottommost_compression_opts.max_dict_bytes: 0
2022/03/31-11:02:54.533005 1036dbd40         Options.bottommost_compression_opts.zstd_max_train_bytes: 0
2022/03/31-11:02:54.533006 1036dbd40         Options.bottommost_compression_opts.parallel_threads: 1
2022/03/31-11:02:54.533007 1036dbd40                  Options.bottommost_compression_opts.enabled: false
2022/03/31-11:02:54.533007 1036dbd40         Options.bottommost_compression_opts.max_dict_buffer_bytes: 0
2022/03/31-11:02:54.533008 1036dbd40            Options.compression_opts.window_bits: -14
2022/03/31-11:02:54.533009 1036dbd40                  Options.compression_opts.level: 32767
2022/03/31-11:02:54.533010 1036dbd40               Options.compression_opts.strategy: 0
2022/03/31-11:02:54.533011 1036dbd40         Options.compression_opts.max_dict_bytes: 0
2022/03/31-11:02:54.533011 1036dbd40         Options.compression_opts.zstd_max_train_bytes: 0
2022/03/31-11:02:54.533012 1036dbd40         Options.compression_opts.parallel_threads: 1
2022/03/31-11:02:54.533013 1036dbd40                  Options.compression_opts.enabled: false
2022/03/31-11:02:54.533014 1036dbd40         Options.compression_opts.max_dict_buffer_bytes: 0
2022/03/31-11:02:54.533015 1036dbd40      Options.level0_file_num_compaction_trigger: 4
2022/03/31-11:02:54.533015 1036dbd40          Options.level0_slowdown_writes_trigger: 20
2022/03/31-11:02:54.533016 1036dbd40              Options.level0_stop_writes_trigger: 36
2022/03/31-11:02:54.533017 1036dbd40                   Options.target_file_size_base: 107374182
2022/03/31-11:02:54.533018 1036dbd40             Options.target_file_size_multiplier: 1
2022/03/31-11:02:54.533019 1036dbd40                Options.max_bytes_for_level_base: 1073741824
2022/03/31-11:02:54.533019 1036dbd40 Options.level_compaction_dynamic_level_bytes: 0
2022/03/31-11:02:54.533020 1036dbd40          Options.max_bytes_for_level_multiplier: 10.000000
2022/03/31-11:02:54.533021 1036dbd40 Options.max_bytes_for_level_multiplier_addtl[0]: 1
2022/03/31-11:02:54.533022 1036dbd40 Options.max_bytes_for_level_multiplier_addtl[1]: 1
2022/03/31-11:02:54.533023 1036dbd40 Options.max_bytes_for_level_multiplier_addtl[2]: 1
2022/03/31-11:02:54.533024 1036dbd40 Options.max_bytes_for_level_multiplier_addtl[3]: 1
2022/03/31-11:02:54.533025 1036dbd40 Options.max_bytes_for_level_multiplier_addtl[4]: 1
2022/03/31-11:02:54.533025 1036dbd40 Options.max_bytes_for_level_multiplier_addtl[5]: 1
2022/03/31-11:02:54.533026 1036dbd40 Options.max_bytes_for_level_multiplier_addtl[6]: 1
2022/03/31-11:02:54.533027 1036dbd40       Options.max_sequential_skip_in_iterations: 8
2022/03/31-11:02:54.533028 1036dbd40                    Options.max_compaction_bytes: 2684354550
2022/03/31-11:02:54.533029 1036dbd40                        Options.arena_block_size: 33554432
2022/03/31-11:02:54.533053 1036dbd40   Options.soft_pending_compaction_bytes_limit: 68719476736
2022/03/31-11:02:54.533054 1036dbd40   Options.hard_pending_compaction_bytes_limit: 274877906944
2022/03/31-11:02:54.533055 1036dbd40       Options.rate_limit_delay_max_milliseconds: 100
2022/03/31-11:02:54.533056 1036dbd40                Options.disable_auto_compactions: 0
2022/03/31-11:02:54.533057 1036dbd40                        Options.compaction_style: kCompactionStyleLevel
2022/03/31-11:02:54.533058 1036dbd40                          Options.compaction_pri: kMinOverlappingRatio
2022/03/31-11:02:54.533058 1036dbd40 Options.compaction_options_universal.size_ratio: 1
2022/03/31-11:02:54.533059 1036dbd40 Options.compaction_options_universal.min_merge_width: 2
2022/03/31-11:02:54.533060 1036dbd40 Options.compaction_options_universal.max_merge_width: 4294967295
2022/03/31-11:02:54.533061 1036dbd40 Options.compaction_options_universal.max_size_amplification_percent: 200
2022/03/31-11:02:54.533062 1036dbd40 Options.compaction_options_universal.compression_size_percent: -1
2022/03/31-11:02:54.533063 1036dbd40 Options.compaction_options_universal.stop_style: kCompactionStopStyleTotalSize
2022/03/31-11:02:54.533064 1036dbd40 Options.compaction_options_fifo.max_table_files_size: 1073741824
2022/03/31-11:02:54.533064 1036dbd40 Options.compaction_options_fifo.allow_compaction: 0
2022/03/31-11:02:54.533065 1036dbd40                   Options.table_properties_collectors: 
2022/03/31-11:02:54.533066 1036dbd40                   Options.inplace_update_support: 0
2022/03/31-11:02:54.533067 1036dbd40                 Options.inplace_update_num_locks: 10000
2022/03/31-11:02:54.533068 1036dbd40               Options.memtable_prefix_bloom_size_ratio: 0.000000
2022/03/31-11:02:54.533069 1036dbd40               Options.memtable_whole_key_filtering: 0
2022/03/31-11:02:54.533069 1036dbd40   Options.memtable_huge_page_size: 0
2022/03/31-11:02:54.533070 1036dbd40                           Options.bloom_locality: 0
2022/03/31-11:02:54.533071 1036dbd40                    Options.max_successive_merges: 0
2022/03/31-11:02:54.533072 1036dbd40                Options.optimize_filters_for_hits: 0
2022/03/31-11:02:54.533073 1036dbd40                Options.paranoid_file_checks: 0
2022/03/31-11:02:54.533073 1036dbd40                Options.force_consistency_checks: 1
2022/03/31-11:02:54.533074 1036dbd40                Options.report_bg_io_stats: 0
2022/03/31-11:02:54.533075 1036dbd40                               Options.ttl: 2592000
2022/03/31-11:02:54.533076 1036dbd40          Options.periodic_compaction_seconds: 2592000
2022/03/31-11:02:54.533077 1036dbd40                    Options.enable_blob_files: false
2022/03/31-11:02:54.533077 1036dbd40                        Options.min_blob_size: 0
2022/03/31-11:02:54.533078 1036dbd40                       Options.blob_file_size: 268435456
2022/03/31-11:02:54.533079 1036dbd40                Options.blob_compression_type: NoCompression
2022/03/31-11:02:54.533080 1036dbd40       Options.enable_blob_garbage_collection: false
2022/03/31-11:02:54.533081 1036dbd40   Options.blob_garbage_collection_age_cutoff: 0.250000
2022/03/31-11:02:54.533109 1036dbd40 [db/column_family.cc:598] --------------- Options for column family [duplicate_slots]:
2022/03/31-11:02:54.533111 1036dbd40               Options.comparator: leveldb.BytewiseComparator
2022/03/31-11:02:54.533111 1036dbd40           Options.merge_operator: None
2022/03/31-11:02:54.533112 1036dbd40        Options.compaction_filter: None
2022/03/31-11:02:54.533113 1036dbd40        Options.compaction_filter_factory: purged_slot_filter_factory(duplicate_slots)
2022/03/31-11:02:54.533114 1036dbd40  Options.sst_partitioner_factory: None
2022/03/31-11:02:54.533115 1036dbd40         Options.memtable_factory: SkipListFactory
2022/03/31-11:02:54.533115 1036dbd40            Options.table_factory: BlockBasedTable
2022/03/31-11:02:54.533123 1036dbd40            table_factory options:   flush_block_policy_factory: FlushBlockBySizePolicyFactory (0x14f639310)
  cache_index_and_filter_blocks: 0
  cache_index_and_filter_blocks_with_high_priority: 1
  pin_l0_filter_and_index_blocks_in_cache: 0
  pin_top_level_index_and_filter: 1
  index_type: 0
  data_block_index_type: 0
  index_shortening: 1
  data_block_hash_table_util_ratio: 0.750000
  hash_index_allow_collision: 1
  checksum: 1
  no_block_cache: 0
  block_cache: 0x14f639358
  block_cache_name: LRUCache
  block_cache_options:
    capacity : 8388608
    num_shard_bits : 4
    strict_capacity_limit : 0
    memory_allocator : None
    high_pri_pool_ratio: 0.000
  block_cache_compressed: 0x0
  persistent_cache: 0x0
  block_size: 4096
  block_size_deviation: 10
  block_restart_interval: 16
  index_block_restart_interval: 1
  metadata_block_size: 4096
  partition_filters: 0
  use_delta_encoding: 1
  filter_policy: nullptr
  whole_key_filtering: 1
  verify_compression: 0
  read_amp_bytes_per_bit: 0
  format_version: 5
  enable_index_compression: 1
  block_align: 0
2022/03/31-11:02:54.533153 1036dbd40        Options.write_buffer_size: 268435456
2022/03/31-11:02:54.533154 1036dbd40  Options.max_write_buffer_number: 8
2022/03/31-11:02:54.533154 1036dbd40          Options.compression: NoCompression
2022/03/31-11:02:54.533155 1036dbd40                  Options.bottommost_compression: Disabled
2022/03/31-11:02:54.533156 1036dbd40       Options.prefix_extractor: nullptr
2022/03/31-11:02:54.533157 1036dbd40   Options.memtable_insert_with_hint_prefix_extractor: nullptr
2022/03/31-11:02:54.533158 1036dbd40             Options.num_levels: 7
2022/03/31-11:02:54.533159 1036dbd40        Options.min_write_buffer_number_to_merge: 1
2022/03/31-11:02:54.533159 1036dbd40     Options.max_write_buffer_number_to_maintain: 0
2022/03/31-11:02:54.533160 1036dbd40     Options.max_write_buffer_size_to_maintain: 0
2022/03/31-11:02:54.533161 1036dbd40            Options.bottommost_compression_opts.window_bits: -14
2022/03/31-11:02:54.533162 1036dbd40                  Options.bottommost_compression_opts.level: 32767
2022/03/31-11:02:54.533163 1036dbd40               Options.bottommost_compression_opts.strategy: 0
2022/03/31-11:02:54.533163 1036dbd40         Options.bottommost_compression_opts.max_dict_bytes: 0
2022/03/31-11:02:54.533164 1036dbd40         Options.bottommost_compression_opts.zstd_max_train_bytes: 0
2022/03/31-11:02:54.533165 1036dbd40         Options.bottommost_compression_opts.parallel_threads: 1
2022/03/31-11:02:54.533166 1036dbd40                  Options.bottommost_compression_opts.enabled: false
2022/03/31-11:02:54.533167 1036dbd40         Options.bottommost_compression_opts.max_dict_buffer_bytes: 0
2022/03/31-11:02:54.533167 1036dbd40            Options.compression_opts.window_bits: -14
2022/03/31-11:02:54.533168 1036dbd40                  Options.compression_opts.level: 32767
2022/03/31-11:02:54.533169 1036dbd40               Options.compression_opts.strategy: 0
2022/03/31-11:02:54.533170 1036dbd40         Options.compression_opts.max_dict_bytes: 0
